2 -1 #SUP: 117641
2 -1 6 -1 #SUP: 12213
2 -1 8 -1 #SUP: 7332
2 -1 5 -1 #SUP: 10750
2 -1 9 -1 #SUP: 7730
2 -1 2 -1 #SUP: 45828
2 -1 2 -1 2 -1 #SUP: 15536
2 -1 2 -1 4 -1 #SUP: 18068
2 -1 2 -1 4 -1 4 -1 #SUP: 6016
2 -1 4 -1 #SUP: 54550
2 -1 4 -1 2 -1 #SUP: 15600
2 -1 4 -1 2 -1 4 -1 #SUP: 5008
2 -1 4 -1 4 -1 #SUP: 23520
2 -1 4 -1 4 -1 2 -1 #SUP: 5200
2 -1 4 -1 4 -1 4 -1 #SUP: 8225
4 -1 #SUP: 203229
4 -1 6 -1 #SUP: 30586
4 -1 6 -1 6 -1 #SUP: 5657
4 -1 6 -1 4 -1 #SUP: 12835
4 -1 8 -1 #SUP: 8046
4 -1 5 -1 #SUP: 28407
4 -1 5 -1 5 -1 #SUP: 7878
4 -1 5 -1 4 -1 #SUP: 11755
4 -1 7 -1 #SUP: 5952
4 -1 9 -1 #SUP: 21372
4 -1 9 -1 9 -1 #SUP: 6449
4 -1 9 -1 4 -1 #SUP: 8986
4 -1 2 -1 #SUP: 55562
4 -1 2 -1 2 -1 #SUP: 17284
4 -1 2 -1 2 -1 4 -1 #SUP: 6021
4 -1 2 -1 4 -1 #SUP: 23896
4 -1 2 -1 4 -1 2 -1 #SUP: 5268
4 -1 2 -1 4 -1 4 -1 #SUP: 8644
4 -1 4 -1 #SUP: 124178
4 -1 4 -1 6 -1 #SUP: 12095
4 -1 4 -1 5 -1 #SUP: 11858
4 -1 4 -1 9 -1 #SUP: 10001
4 -1 4 -1 2 -1 #SUP: 24415
4 -1 4 -1 2 -1 2 -1 #SUP: 5744
4 -1 4 -1 2 -1 4 -1 #SUP: 8932
4 -1 4 -1 4 -1 #SUP: 61303
4 -1 4 -1 4 -1 2 -1 #SUP: 8928
4 -1 4 -1 4 -1 4 -1 #SUP: 24776
4 -1 4 -1 4 -1 4 -1 4 -1 #SUP: 8114
5 -1 #SUP: 68513
5 -1 6 -1 #SUP: 8186
5 -1 8 -1 #SUP: 5763
5 -1 5 -1 #SUP: 23879
5 -1 5 -1 5 -1 #SUP: 7368
5 -1 5 -1 4 -1 #SUP: 8875
5 -1 2 -1 #SUP: 10490
5 -1 4 -1 #SUP: 28801
5 -1 4 -1 5 -1 #SUP: 7357
5 -1 4 -1 4 -1 #SUP: 11847
6 -1 #SUP: 78633
6 -1 6 -1 #SUP: 18036
6 -1 6 -1 4 -1 #SUP: 6516
6 -1 8 -1 #SUP: 7420
6 -1 5 -1 #SUP: 9761
6 -1 9 -1 #SUP: 5986
6 -1 2 -1 #SUP: 14225
6 -1 2 -1 4 -1 #SUP: 5160
6 -1 4 -1 #SUP: 32243
6 -1 4 -1 6 -1 #SUP: 5502
6 -1 4 -1 4 -1 #SUP: 13200
7 -1 #SUP: 16174
7 -1 7 -1 #SUP: 5730
7 -1 4 -1 #SUP: 6130
8 -1 #SUP: 42323
8 -1 6 -1 #SUP: 8289
8 -1 8 -1 #SUP: 18771
8 -1 8 -1 8 -1 #SUP: 7429
8 -1 5 -1 #SUP: 6872
8 -1 2 -1 #SUP: 8532
8 -1 4 -1 #SUP: 9252
9 -1 #SUP: 43667
9 -1 9 -1 #SUP: 15004
9 -1 9 -1 9 -1 #SUP: 4995
9 -1 9 -1 4 -1 #SUP: 5923
9 -1 2 -1 #SUP: 5957
9 -1 4 -1 #SUP: 18725
9 -1 4 -1 9 -1 #SUP: 5424
9 -1 4 -1 4 -1 #SUP: 7583
