2 -1 #SUP: 2504
4 -1 #SUP: 4903
5 -1 #SUP: 1279
6 -1 #SUP: 1623
7 -1 #SUP: 1292
8 -1 #SUP: 1270
9 -1 #SUP: 1527
2 -1 2 -1 #SUP: 979
2 -1 4 -1 #SUP: 1137
4 -1 2 -1 #SUP: 1140
2 -1 5 -1 #SUP: 284
5 -1 2 -1 #SUP: 251
2 -1 6 -1 #SUP: 256
6 -1 2 -1 #SUP: 219
2 -1 8 -1 #SUP: 166
8 -1 2 -1 #SUP: 174
2 -1 9 -1 #SUP: 301
9 -1 2 -1 #SUP: 241
4 -1 4 -1 #SUP: 2769
4 -1 5 -1 #SUP: 615
5 -1 4 -1 #SUP: 575
4 -1 6 -1 #SUP: 692
6 -1 4 -1 #SUP: 543
4 -1 7 -1 #SUP: 526
7 -1 4 -1 #SUP: 565
4 -1 8 -1 #SUP: 336
8 -1 4 -1 #SUP: 389
4 -1 9 -1 #SUP: 725
9 -1 4 -1 #SUP: 602
5 -1 5 -1 #SUP: 515
6 -1 6 -1 #SUP: 320
6 -1 7 -1 #SUP: 164
7 -1 6 -1 #SUP: 187
6 -1 8 -1 #SUP: 181
8 -1 6 -1 #SUP: 242
6 -1 9 -1 #SUP: 170
9 -1 6 -1 #SUP: 141
7 -1 7 -1 #SUP: 508
7 -1 8 -1 #SUP: 311
8 -1 7 -1 #SUP: 292
7 -1 9 -1 #SUP: 125
8 -1 8 -1 #SUP: 450
8 -1 9 -1 #SUP: 124
9 -1 9 -1 #SUP: 486
2 -1 2 -1 2 -1 #SUP: 335
2 -1 2 -1 4 -1 #SUP: 328
2 -1 4 -1 2 -1 #SUP: 293
2 -1 4 -1 4 -1 #SUP: 466
2 -1 4 -1 9 -1 #SUP: 124
4 -1 2 -1 2 -1 #SUP: 340
4 -1 2 -1 4 -1 #SUP: 466
4 -1 4 -1 2 -1 #SUP: 480
4 -1 4 -1 4 -1 #SUP: 1268
4 -1 4 -1 5 -1 #SUP: 258
4 -1 4 -1 6 -1 #SUP: 291
4 -1 4 -1 7 -1 #SUP: 177
4 -1 4 -1 9 -1 #SUP: 326
4 -1 5 -1 4 -1 #SUP: 231
4 -1 5 -1 5 -1 #SUP: 215
5 -1 4 -1 4 -1 #SUP: 222
5 -1 4 -1 5 -1 #SUP: 174
4 -1 6 -1 4 -1 #SUP: 254
4 -1 6 -1 6 -1 #SUP: 124
6 -1 4 -1 4 -1 #SUP: 184
4 -1 7 -1 4 -1 #SUP: 195
4 -1 7 -1 7 -1 #SUP: 133
7 -1 4 -1 4 -1 #SUP: 195
7 -1 4 -1 7 -1 #SUP: 141
8 -1 4 -1 4 -1 #SUP: 124
4 -1 9 -1 4 -1 #SUP: 266
4 -1 9 -1 9 -1 #SUP: 193
9 -1 4 -1 4 -1 #SUP: 226
9 -1 4 -1 9 -1 #SUP: 161
5 -1 5 -1 4 -1 #SUP: 213
5 -1 5 -1 5 -1 #SUP: 206
7 -1 7 -1 4 -1 #SUP: 203
7 -1 7 -1 7 -1 #SUP: 161
8 -1 8 -1 8 -1 #SUP: 137
9 -1 9 -1 4 -1 #SUP: 190
9 -1 9 -1 9 -1 #SUP: 144
2 -1 4 -1 4 -1 4 -1 #SUP: 160
4 -1 2 -1 4 -1 4 -1 #SUP: 146
4 -1 4 -1 2 -1 4 -1 #SUP: 159
4 -1 4 -1 4 -1 2 -1 #SUP: 175
4 -1 4 -1 4 -1 4 -1 #SUP: 428
4 -1 4 -1 4 -1 9 -1 #SUP: 118
4 -1 4 -1 4 -1 4 -1 4 -1 #SUP: 121
