2 -1 #SUP: 117641
4 -1 #SUP: 203229
5 -1 #SUP: 68513
6 -1 #SUP: 78633
7 -1 #SUP: 16174
8 -1 #SUP: 42323
9 -1 #SUP: 43667
9 -1 9 -1 #SUP: 21332
6 -1 9 -1 #SUP: 8637
9 -1 6 -1 #SUP: 5304
4 -1 9 -1 #SUP: 29748
9 -1 4 -1 #SUP: 25647
2 -1 9 -1 #SUP: 11314
9 -1 2 -1 #SUP: 8921
9 -1 4 -1 4 -1 #SUP: 12507
9 -1 9 -1 4 -1 #SUP: 9483
9 -1 4 -1 9 -1 #SUP: 9485
9 -1 4 -1 4 -1 4 -1 #SUP: 5013
9 -1 9 -1 9 -1 #SUP: 8711
8 -1 8 -1 #SUP: 23860
6 -1 8 -1 #SUP: 10537
8 -1 6 -1 #SUP: 11389
5 -1 8 -1 #SUP: 8226
8 -1 5 -1 #SUP: 9413
4 -1 8 -1 #SUP: 11252
8 -1 4 -1 #SUP: 13010
2 -1 8 -1 #SUP: 10290
8 -1 2 -1 #SUP: 11809
8 -1 4 -1 4 -1 #SUP: 4960
8 -1 8 -1 8 -1 #SUP: 11884
8 -1 8 -1 8 -1 8 -1 #SUP: 4913
7 -1 7 -1 #SUP: 7684
4 -1 7 -1 #SUP: 8099
7 -1 4 -1 #SUP: 8346
6 -1 6 -1 #SUP: 25315
5 -1 6 -1 #SUP: 11755
6 -1 5 -1 #SUP: 14072
4 -1 6 -1 #SUP: 41515
6 -1 4 -1 #SUP: 43789
2 -1 6 -1 #SUP: 17404
6 -1 2 -1 #SUP: 20705
6 -1 2 -1 2 -1 #SUP: 6872
6 -1 4 -1 2 -1 #SUP: 8412
6 -1 2 -1 4 -1 #SUP: 8520
6 -1 4 -1 4 -1 #SUP: 21471
6 -1 5 -1 4 -1 #SUP: 5294
6 -1 4 -1 5 -1 #SUP: 4970
6 -1 6 -1 4 -1 #SUP: 10414
6 -1 4 -1 6 -1 #SUP: 9587
6 -1 4 -1 4 -1 4 -1 #SUP: 8574
6 -1 6 -1 6 -1 #SUP: 6886
5 -1 5 -1 #SUP: 33183
4 -1 5 -1 #SUP: 39142
5 -1 4 -1 #SUP: 38904
2 -1 5 -1 #SUP: 15539
5 -1 2 -1 #SUP: 15160
5 -1 4 -1 2 -1 #SUP: 6169
5 -1 2 -1 4 -1 #SUP: 6015
5 -1 4 -1 4 -1 #SUP: 19018
5 -1 5 -1 4 -1 #SUP: 13998
5 -1 4 -1 5 -1 #SUP: 13316
5 -1 4 -1 4 -1 5 -1 #SUP: 5046
5 -1 4 -1 4 -1 4 -1 #SUP: 7597
5 -1 5 -1 5 -1 #SUP: 12907
5 -1 5 -1 4 -1 4 -1 #SUP: 5324
4 -1 4 -1 #SUP: 151886
2 -1 4 -1 #SUP: 72861
4 -1 2 -1 #SUP: 73915
4 -1 2 -1 2 -1 #SUP: 29082
4 -1 4 -1 2 -1 #SUP: 39676
4 -1 2 -1 4 -1 #SUP: 38327
4 -1 5 -1 2 -1 #SUP: 6365
4 -1 2 -1 5 -1 #SUP: 6324
4 -1 6 -1 2 -1 #SUP: 8342
4 -1 2 -1 6 -1 #SUP: 6567
4 -1 2 -1 4 -1 4 -1 #SUP: 16044
4 -1 2 -1 2 -1 4 -1 #SUP: 11234
4 -1 2 -1 4 -1 2 -1 #SUP: 10920
4 -1 2 -1 4 -1 4 -1 4 -1 #SUP: 5713
4 -1 2 -1 2 -1 2 -1 #SUP: 9133
4 -1 4 -1 4 -1 #SUP: 92456
4 -1 5 -1 4 -1 #SUP: 18886
4 -1 4 -1 5 -1 #SUP: 19923
4 -1 6 -1 4 -1 #SUP: 20548
4 -1 4 -1 6 -1 #SUP: 19990
4 -1 9 -1 4 -1 #SUP: 14508
4 -1 4 -1 9 -1 #SUP: 16481
4 -1 4 -1 4 -1 9 -1 #SUP: 6928
4 -1 4 -1 9 -1 4 -1 #SUP: 6702
4 -1 4 -1 4 -1 6 -1 #SUP: 8037
4 -1 4 -1 6 -1 4 -1 #SUP: 8122
4 -1 4 -1 5 -1 5 -1 #SUP: 5261
4 -1 4 -1 4 -1 5 -1 #SUP: 8393
4 -1 4 -1 5 -1 4 -1 #SUP: 7723
4 -1 4 -1 4 -1 4 -1 #SUP: 44438
4 -1 4 -1 2 -1 4 -1 #SUP: 16465
4 -1 4 -1 4 -1 2 -1 #SUP: 17323
4 -1 4 -1 4 -1 4 -1 2 -1 #SUP: 6472
4 -1 4 -1 4 -1 2 -1 4 -1 #SUP: 6014
4 -1 4 -1 4 -1 4 -1 4 -1 #SUP: 17779
4 -1 4 -1 4 -1 4 -1 4 -1 4 -1 #SUP: 5889
4 -1 4 -1 2 -1 2 -1 #SUP: 11624
4 -1 4 -1 2 -1 4 -1 4 -1 #SUP: 5874
4 -1 5 -1 5 -1 #SUP: 13821
4 -1 5 -1 4 -1 5 -1 #SUP: 4990
4 -1 5 -1 5 -1 4 -1 #SUP: 5004
4 -1 5 -1 4 -1 4 -1 #SUP: 7590
4 -1 6 -1 6 -1 #SUP: 9525
4 -1 6 -1 4 -1 4 -1 #SUP: 8402
4 -1 9 -1 9 -1 #SUP: 11082
4 -1 9 -1 4 -1 4 -1 #SUP: 5817
2 -1 2 -1 #SUP: 61591
2 -1 2 -1 2 -1 #SUP: 26389
2 -1 4 -1 2 -1 #SUP: 26895
2 -1 2 -1 4 -1 #SUP: 28841
2 -1 6 -1 2 -1 #SUP: 6188
2 -1 2 -1 6 -1 #SUP: 5309
2 -1 2 -1 4 -1 4 -1 #SUP: 11262
2 -1 2 -1 2 -1 4 -1 #SUP: 8837
2 -1 2 -1 4 -1 2 -1 #SUP: 9683
2 -1 2 -1 2 -1 2 -1 #SUP: 9122
2 -1 4 -1 4 -1 #SUP: 37715
2 -1 5 -1 4 -1 #SUP: 6286
2 -1 4 -1 5 -1 #SUP: 6342
2 -1 6 -1 4 -1 #SUP: 7122
2 -1 4 -1 6 -1 #SUP: 6884
2 -1 4 -1 9 -1 #SUP: 5111
2 -1 4 -1 4 -1 4 -1 #SUP: 15672
2 -1 4 -1 2 -1 4 -1 #SUP: 9660
2 -1 4 -1 4 -1 2 -1 #SUP: 10584
2 -1 4 -1 4 -1 4 -1 4 -1 #SUP: 5493
2 -1 4 -1 2 -1 2 -1 #SUP: 8398
